xof 0303txt 0032
template Frame {
 <3d82ab46-62da-11cf-ab39-0020af71e433>
 [...]
}

template Matrix4x4 {
 <f6f23f45-7686-11cf-8f52-0040333594a3>
 array FLOAT matrix[16];
}

template FrameTransformMatrix {
 <f6f23f41-7686-11cf-8f52-0040333594a3>
 Matrix4x4 frameMatrix;
}

template ObjectMatrixComment {
 <95a48e28-7ef4-4419-a16a-ba9dbdf0d2bc>
 Matrix4x4 objectMatrix;
}

template Vector {
 <3d82ab5e-62da-11cf-ab39-0020af71e433>
 FLOAT x;
 FLOAT y;
 FLOAT z;
}

template MeshFace {
 <3d82ab5f-62da-11cf-ab39-0020af71e433>
 DWORD nFaceVertexIndices;
 array DWORD faceVertexIndices[nFaceVertexIndices];
}

template Mesh {
 <3d82ab44-62da-11cf-ab39-0020af71e433>
 DWORD nVertices;
 array Vector vertices[nVertices];
 DWORD nFaces;
 array MeshFace faces[nFaces];
 [...]
}

template MeshNormals {
 <f6f23f43-7686-11cf-8f52-0040333594a3>
 DWORD nNormals;
 array Vector normals[nNormals];
 DWORD nFaceNormals;
 array MeshFace faceNormals[nFaceNormals];
}

template Coords2d {
 <f6f23f44-7686-11cf-8f52-0040333594a3>
 FLOAT u;
 FLOAT v;
}

template MeshTextureCoords {
 <f6f23f40-7686-11cf-8f52-0040333594a3>
 DWORD nTextureCoords;
 array Coords2d textureCoords[nTextureCoords];
}

template ColorRGBA {
 <35ff44e0-6c7c-11cf-8f52-0040333594a3>
 FLOAT red;
 FLOAT green;
 FLOAT blue;
 FLOAT alpha;
}

template ColorRGB {
 <d3e16e81-7835-11cf-8f52-0040333594a3>
 FLOAT red;
 FLOAT green;
 FLOAT blue;
}

template Material {
 <3d82ab4d-62da-11cf-ab39-0020af71e433>
 ColorRGBA faceColor;
 FLOAT power;
 ColorRGB specularColor;
 ColorRGB emissiveColor;
 [...]
}

template MeshMaterialList {
 <f6f23f42-7686-11cf-8f52-0040333594a3>
 DWORD nMaterials;
 DWORD nFaceIndexes;
 array DWORD faceIndexes[nFaceIndexes];
 [Material <3d82ab4d-62da-11cf-ab39-0020af71e433>]
}

template TextureFilename {
 <a42790e1-7810-11cf-8f52-0040333594a3>
 STRING filename;
}

template AnimTicksPerSecond {
 <9e415a43-7ba6-4a73-8743-b73d47e88476>
 DWORD AnimTicksPerSecond;
}

template Animation {
 <3d82ab4f-62da-11cf-ab39-0020af71e433>
 [...]
}

template AnimationSet {
 <3d82ab50-62da-11cf-ab39-0020af71e433>
 [Animation <3d82ab4f-62da-11cf-ab39-0020af71e433>]
}

template FloatKeys {
 <10dd46a9-775b-11cf-8f52-0040333594a3>
 DWORD nValues;
 array FLOAT values[nValues];
}

template TimedFloatKeys {
 <f406b180-7b3b-11cf-8f52-0040333594a3>
 DWORD time;
 FloatKeys tfkeys;
}

template AnimationKey {
 <10dd46a8-775b-11cf-8f52-0040333594a3>
 DWORD keyType;
 DWORD nKeys;
 array TimedFloatKeys keys[nKeys];
}


Frame Root {
 

 FrameTransformMatrix relative {
  0.234274,0.000000,0.000000,0.000000,0.000000,-0.000000,-0.234274,0.000000,-0.000000,0.234274,-0.000000,0.000000,0.000000,0.000000,0.000000,1.000000;;
 }

 ObjectMatrixComment object {
  1.000000,0.000000,-0.000000,0.000000,-0.000000,1.000000,0.000000,0.000000,-0.000000,0.000000,1.000000,0.000000,0.000000,0.000000,0.000000,1.000000;;
 }

 Frame Hips {
  

  FrameTransformMatrix relative {
   -1.000000,0.000000,-0.000000,0.000000,-0.000000,-1.000000,-0.000000,0.000000,-0.000000,0.000000,1.000000,0.000000,0.098670,0.134043,-3.162972,1.000000;;
  }

  ObjectMatrixComment object {
   1.000000,0.000000,-0.000000,0.000000,0.000000,1.000000,0.000000,0.000000,0.000000,-0.000000,1.000000,0.000000,-0.000000,0.000000,-0.000000,1.000000;;
  }

  Frame Spine {
   

   FrameTransformMatrix relative {
    1.000001,-0.000000,-0.000000,0.000000,0.000000,0.998412,0.056344,0.000000,-0.000000,-0.056344,0.998413,0.000000,-0.000000,-0.000000,0.527589,1.000000;;
   }

   ObjectMatrixComment object {
    1.000000,0.000000,0.000000,0.000000,0.000000,1.000000,0.000000,0.000000,0.000000,0.000000,1.000000,0.000000,-0.000000,0.000000,-0.000000,1.000000;;
   }

   Frame Spine1 {
    

    FrameTransformMatrix relative {
     0.999999,0.000000,-0.000000,0.000000,0.000000,0.999826,0.018674,0.000000,0.000000,-0.018674,0.999826,0.000000,0.000000,0.017852,0.964617,1.000000;;
    }

    ObjectMatrixComment object {
     1.000000,-0.000000,0.000000,0.000000,0.000000,1.000000,-0.000000,0.000000,-0.000000,-0.000000,1.000000,0.000000,0.000000,-0.000000,0.000000,1.000000;;
    }

    Frame LeftShoulder {
     

     FrameTransformMatrix relative {
      0.993111,0.000000,-0.117193,0.000000,0.000000,1.000001,-0.000000,0.000000,0.117193,-0.000000,0.993110,0.000000,0.159604,0.012083,0.857651,1.000000;;
     }

     ObjectMatrixComment object {
      1.000000,0.000000,-0.000000,0.000000,0.000000,1.000000,0.000000,0.000000,-0.000000,0.000000,1.000000,0.000000,0.000000,0.000000,0.000000,1.000000;;
     }

     Frame LeftArm {
      

      FrameTransformMatrix relative {
       0.531410,-0.023912,-0.846777,0.000000,0.045291,0.998974,0.000213,0.000000,0.845903,-0.038464,0.531947,0.000000,0.714776,0.006254,0.077902,1.000000;;
      }

      ObjectMatrixComment object {
       1.000000,0.000000,-0.000000,0.000000,0.000000,1.000000,0.000000,0.000000,-0.000000,-0.000000,1.000000,0.000000,0.000000,0.000000,-0.000000,1.000000;;
      }

      Frame LeftArmRoll {
       

       FrameTransformMatrix relative {
        1.000000,-0.000000,0.000009,0.000000,0.000000,1.000000,-0.000002,0.000000,-0.000009,0.000002,1.000000,0.000000,0.515451,-0.003053,-0.061164,1.000000;;
       }

       ObjectMatrixComment object {
        1.000000,-0.000000,0.000000,0.000000,0.000000,1.000000,0.000000,0.000000,0.000000,0.000000,1.000000,0.000000,0.000000,0.000000,0.000000,1.000000;;
       }
      }

      Frame LeftForeArm {
       

       FrameTransformMatrix relative {
        0.926766,0.284150,-0.245689,0.000000,-0.324843,0.934689,-0.144335,0.000000,0.188630,0.213575,0.958543,0.000000,1.243602,-0.038715,-0.106840,1.000000;;
       }

       ObjectMatrixComment object {
        1.000000,0.000000,0.000000,0.000000,0.000000,1.000000,-0.000000,0.000000,0.000000,0.000000,1.000000,0.000000,0.000000,0.000000,0.000000,1.000000;;
       }

       Frame LeftForeArmRoll {
        

        FrameTransformMatrix relative {
         1.000000,0.000002,0.000019,0.000000,-0.000001,0.998978,-0.045208,0.000000,-0.000019,0.045208,0.998978,0.000000,0.670139,0.000010,0.000010,1.000000;;
        }

        ObjectMatrixComment object {
         1.000000,0.000000,0.000000,0.000000,0.000000,1.000000,-0.000000,0.000000,-0.000000,0.000000,1.000000,0.000000,0.000000,0.000000,0.000000,1.000000;;
        }
       }

       Frame LeftHand {
        

        FrameTransformMatrix relative {
         0.990666,0.107003,-0.084451,0.000000,-0.113536,0.990563,-0.076769,0.000000,0.075439,0.085641,0.993466,0.000000,1.280808,-0.043996,0.005904,1.000000;;
        }

        ObjectMatrixComment object {
         1.000000,-0.000000,0.000000,0.000000,0.000000,1.000000,0.000000,0.000000,0.000000,-0.000000,1.000000,0.000000,0.000000,-0.000000,0.000000,1.000000;;
        }

        Frame LeftHandIndex1 {
         

         FrameTransformMatrix relative {
          0.996321,0.040655,-0.075439,0.000000,-0.040539,0.999173,0.003070,0.000000,0.075501,0.000000,0.997146,0.000000,0.408558,0.131846,0.057049,1.000000;;
         }

         ObjectMatrixComment object {
          1.000000,-0.000000,0.000000,0.000000,0.000000,1.000000,-0.000000,0.000000,0.000000,-0.000000,1.000000,0.000000,0.000000,-0.000000,0.000000,1.000000;;
         }

         Frame LeftHandIndex2 {
          

          FrameTransformMatrix relative {
           0.962550,-0.000000,-0.271104,0.000000,0.000000,1.000000,-0.000000,0.000000,0.271104,-0.000000,0.962550,0.000000,0.165990,0.000000,0.000000,1.000000;;
          }

          ObjectMatrixComment object {
           1.000000,0.000000,0.000000,0.000000,-0.000000,1.000000,0.000000,0.000000,0.000000,0.000000,1.000000,0.000000,0.000000,0.000000,0.000000,1.000000;;
          }

          Frame LeftHandIndex3 {
           

           FrameTransformMatrix relative {
            0.996779,0.000000,-0.080199,0.000000,0.000000,1.000000,-0.000000,0.000000,0.080199,0.000000,0.996779,0.000000,0.119805,0.000000,0.000001,1.000000;;
           }

           ObjectMatrixComment object {
            1.000000,-0.000000,-0.000000,0.000000,0.000000,1.000000,-0.000000,0.000000,-0.000000,0.000000,1.000000,0.000000,-0.000000,0.000000,0.000000,1.000000;;
           }

           Frame LeftHandIndex4 {
            

            FrameTransformMatrix relative {
             1.000000,-0.000000,-0.000000,0.000000,0.000000,1.000000,-0.000001,0.000000,0.000000,0.000001,1.000000,0.000000,0.111183,-0.000000,-0.000000,1.000000;;
            }

            ObjectMatrixComment object {
             1.000000,0.000000,-0.000000,0.000000,0.000000,1.000000,0.000000,0.000000,0.000000,0.000000,1.000000,0.000000,0.000000,0.000000,0.000000,1.000000;;
            }
           }
          }
         }
        }

        Frame LeftHandMiddle1 {
         

         FrameTransformMatrix relative {
          0.996807,-0.000000,-0.079851,0.000000,0.000000,1.000000,0.000000,0.000000,0.079851,-0.000000,0.996807,0.000000,0.417503,0.016761,0.059306,1.000000;;
         }

         ObjectMatrixComment object {
          1.000000,0.000000,0.000000,0.000000,0.000000,1.000000,0.000000,0.000000,0.000000,0.000000,1.000000,0.000000,-0.000000,-0.000000,-0.000000,1.000000;;
         }

         Frame LeftHandMiddle2 {
          

          FrameTransformMatrix relative {
           0.967179,0.000000,-0.254095,0.000000,0.000000,1.000000,0.000000,0.000000,0.254095,0.000000,0.967179,0.000000,0.176808,0.000001,-0.000001,1.000000;;
          }

          ObjectMatrixComment object {
           1.000000,0.000000,-0.000000,0.000000,0.000000,1.000000,-0.000000,0.000000,-0.000000,0.000000,1.000000,0.000000,0.000000,0.000000,-0.000000,1.000000;;
          }

          Frame LeftHandMiddle3 {
           

           FrameTransformMatrix relative {
            0.995900,-0.000000,-0.090459,0.000000,-0.000000,1.000000,-0.000000,0.000000,0.090459,-0.000000,0.995900,0.000000,0.117786,-0.000001,-0.000002,1.000000;;
           }

           ObjectMatrixComment object {
            1.000000,-0.000000,0.000000,0.000000,0.000000,1.000000,0.000000,0.000000,-0.000000,0.000000,1.000000,0.000000,0.000000,0.000000,0.000000,1.000000;;
           }

           Frame LeftHandMiddle4 {
            

            FrameTransformMatrix relative {
             1.000001,-0.000000,0.000000,0.000000,0.000000,1.000000,-0.000001,0.000000,-0.000000,0.000001,1.000000,0.000000,0.117394,-0.000000,0.000000,1.000000;;
            }

            ObjectMatrixComment object {
             1.000000,-0.000000,-0.000000,0.000000,0.000000,1.000000,-0.000000,0.000000,0.000000,0.000000,1.000000,0.000000,0.000000,-0.000000,0.000000,1.000000;;
            }
           }
          }
         }
        }

        Frame LeftHandPinky1 {
         

         FrameTransformMatrix relative {
          0.978411,-0.115110,-0.171640,0.000000,0.113379,0.993353,-0.019890,0.000000,0.172788,0.000000,0.984959,0.000000,0.397651,-0.171832,0.036052,1.000000;;
         }

         ObjectMatrixComment object {
          1.000000,0.000000,0.000000,0.000000,0.000000,1.000000,0.000000,0.000000,-0.000000,0.000000,1.000000,0.000000,0.000000,0.000000,-0.000000,1.000000;;
         }

         Frame LeftHandPinky2 {
          

          FrameTransformMatrix relative {
           0.973059,0.000000,-0.230559,0.000000,0.000000,1.000000,0.000000,0.000000,0.230559,0.000000,0.973058,0.000000,0.147745,-0.000001,-0.000000,1.000000;;
          }

          ObjectMatrixComment object {
           1.000000,-0.000000,0.000000,0.000000,0.000000,1.000000,-0.000000,0.000000,0.000000,-0.000000,1.000000,0.000000,0.000000,-0.000000,0.000000,1.000000;;
          }

          Frame LeftHandPinky3 {
           

           FrameTransformMatrix relative {
            0.999309,0.000000,-0.037167,0.000000,0.000000,1.000000,0.000000,0.000000,0.037167,-0.000000,0.999309,0.000000,0.102269,0.000000,0.000001,1.000000;;
           }

           ObjectMatrixComment object {
            1.000000,-0.000000,0.000000,0.000000,0.000000,1.000000,-0.000000,0.000000,-0.000000,0.000000,1.000000,0.000000,-0.000000,-0.000000,0.000000,1.000000;;
           }

           Frame LeftHandPinky4 {
            

            FrameTransformMatrix relative {
             0.999999,-0.000003,0.000002,0.000000,0.000003,0.999999,-0.000000,0.000000,-0.000002,0.000000,1.000000,0.000000,0.097135,0.000000,0.000000,1.000000;;
            }

            ObjectMatrixComment object {
             1.000000,0.000000,-0.000000,0.000000,0.000000,1.000000,0.000000,0.000000,0.000000,0.000000,1.000000,0.000000,0.000000,0.000000,0.000000,1.000000;;
            }
           }
          }
         }
        }

        Frame LeftHandProp {
         

         FrameTransformMatrix relative {
          1.000000,-0.000000,0.000000,0.000000,0.000000,1.000000,0.000000,0.000000,0.000000,0.000000,1.000000,0.000000,0.326270,0.017063,-0.090995,1.000000;;
         }

         ObjectMatrixComment object {
          1.000000,0.000000,0.000000,0.000000,0.000000,1.000000,-0.000000,0.000000,-0.000000,0.000000,1.000000,0.000000,0.000000,-0.000000,0.000000,1.000000;;
         }
        }

        Frame LeftHandRing1 {
         

         FrameTransformMatrix relative {
          0.979625,-0.074457,-0.186520,0.000000,0.073143,0.997224,-0.013926,0.000000,0.187039,-0.000000,0.982353,0.000000,0.418894,-0.078475,0.058865,1.000000;;
         }

         ObjectMatrixComment object {
          1.000000,-0.000000,0.000000,0.000000,0.000000,1.000000,0.000000,0.000000,0.000000,-0.000000,1.000000,0.000000,0.000000,0.000000,0.000000,1.000000;;
         }

         Frame LeftHandRing2 {
          

          FrameTransformMatrix relative {
           0.981427,0.000000,-0.191836,0.000000,0.000000,1.000000,0.000000,0.000000,0.191836,-0.000000,0.981427,0.000000,0.168601,0.000000,-0.000000,1.000000;;
          }

          ObjectMatrixComment object {
           1.000000,0.000000,0.000000,0.000000,-0.000000,1.000000,-0.000000,0.000000,0.000000,-0.000000,1.000000,0.000000,-0.000000,0.000000,-0.000000,1.000000;;
          }

          Frame LeftHandRing3 {
           

           FrameTransformMatrix relative {
            0.998391,0.000000,-0.056693,0.000000,0.000000,1.000000,0.000000,0.000000,0.056693,0.000000,0.998392,0.000000,0.103317,-0.000001,-0.000001,1.000000;;
           }

           ObjectMatrixComment object {
            1.000000,0.000000,0.000000,0.000000,-0.000000,1.000000,0.000000,0.000000,0.000000,0.000000,1.000000,0.000000,0.000000,0.000000,0.000000,1.000000;;
           }

           Frame LeftHandRing4 {
            

            FrameTransformMatrix relative {
             1.000000,-0.000003,0.000002,0.000000,0.000003,1.000000,0.000000,0.000000,-0.000002,0.000000,1.000000,0.000000,0.109870,0.000001,-0.000000,1.000000;;
            }

            ObjectMatrixComment object {
             1.000000,0.000000,-0.000000,0.000000,0.000000,1.000000,0.000000,0.000000,-0.000000,0.000000,1.000000,0.000000,0.000000,0.000000,0.000000,1.000000;;
            }
           }
          }
         }
        }

        Frame LeftHandThumb1 {
         

         FrameTransformMatrix relative {
          0.776975,0.554957,-0.297209,0.000000,-0.134963,-0.314295,-0.939683,0.000000,-0.614895,0.770222,-0.169300,0.000000,0.053275,0.098947,-0.000000,1.000000;;
         }

         ObjectMatrixComment object {
          1.000000,0.000000,0.000000,0.000000,0.000000,1.000000,-0.000000,0.000000,0.000000,0.000000,1.000000,0.000000,0.000000,-0.000000,-0.000000,1.000000;;
         }

         Frame LeftHandThumb2 {
          

          FrameTransformMatrix relative {
           0.981674,0.079329,-0.173272,0.000000,-0.078121,0.996848,0.013789,0.000000,0.173820,0.000000,0.984778,0.000000,0.240151,0.000000,-0.000001,1.000000;;
          }

          ObjectMatrixComment object {
           1.000000,0.000000,-0.000000,0.000000,-0.000000,1.000000,-0.000000,0.000000,0.000000,0.000000,1.000000,0.000000,0.000000,-0.000000,-0.000000,1.000000;;
          }

          Frame LeftHandThumb3 {
           

           FrameTransformMatrix relative {
            0.987359,0.000000,-0.158503,0.000000,-0.000000,1.000000,-0.000000,0.000000,0.158503,0.000000,0.987359,0.000000,0.161446,0.000000,-0.000000,1.000000;;
           }

           ObjectMatrixComment object {
            1.000000,0.000000,0.000000,0.000000,0.000000,1.000000,0.000000,0.000000,-0.000000,0.000000,1.000000,0.000000,0.000000,0.000000,0.000000,1.000000;;
           }

           Frame LeftHandThumb4 {
            

            FrameTransformMatrix relative {
             1.000000,0.000002,-0.000001,0.000000,-0.000002,1.000000,0.000002,0.000000,0.000001,-0.000002,1.000000,0.000000,0.121708,0.000001,0.000000,1.000000;;
            }

            ObjectMatrixComment object {
             1.000000,0.000000,0.000000,0.000000,0.000000,1.000000,0.000000,0.000000,-0.000000,0.000000,1.000000,0.000000,0.000000,0.000000,-0.000000,1.000000;;
            }
           }
          }
         }
        }
       }
      }
     }
    }

    Frame Neck {
     

     FrameTransformMatrix relative {
      1.000002,0.000000,0.000000,0.000000,-0.000000,0.968323,-0.249705,0.000000,-0.000000,0.249705,0.968323,0.000000,-0.000000,0.006184,1.092087,1.000000;;
     }

     ObjectMatrixComment object {
      1.000000,0.000000,-0.000000,0.000000,0.000000,1.000000,0.000000,0.000000,0.000000,0.000000,1.000000,0.000000,0.000000,0.000000,0.000000,1.000000;;
     }

     Frame Head {
      

      FrameTransformMatrix relative {
       0.999999,-0.000001,0.000000,0.000000,0.000001,0.984072,0.177772,0.000000,-0.000000,-0.177772,0.984072,0.000000,-0.000000,0.000000,0.467686,1.000000;;
      }

      ObjectMatrixComment object {
       1.000000,0.000000,0.000000,0.000000,0.000000,1.000000,-0.000000,0.000000,0.000000,0.000000,1.000000,0.000000,0.000000,0.000000,0.000000,1.000000;;
      }
     }
    }

    Frame RightShoulder {
     

     FrameTransformMatrix relative {
      0.993111,-0.000000,0.117193,0.000000,0.000000,-1.000001,-0.000001,0.000000,0.117193,0.000001,-0.993110,0.000000,-0.159603,0.012085,0.857673,1.000000;;
     }

     ObjectMatrixComment object {
      1.000000,0.000000,-0.000000,0.000000,-0.000000,1.000000,0.000000,0.000000,-0.000000,-0.000000,1.000000,0.000000,-0.000000,0.000000,0.000000,1.000000;;
     }

     Frame RightArm {
      

      FrameTransformMatrix relative {
       0.001512,0.999984,0.005484,0.000000,-0.077578,-0.005350,0.996972,0.000000,0.996985,-0.001933,0.077569,0.000000,-0.750023,-0.008689,-0.114662,1.000000;;
      }

      ObjectMatrixComment object {
       1.000000,-0.000000,0.000000,0.000000,0.000000,1.000000,-0.000000,0.000000,0.000000,-0.000000,1.000000,0.000000,0.000000,0.000000,0.000000,1.000000;;
      }

      Frame RightArmRoll {
       

       FrameTransformMatrix relative {
        1.000000,0.000000,0.000017,0.000000,0.000000,1.000000,-0.000000,0.000000,-0.000017,-0.000000,1.000000,0.000000,-0.644382,-0.019529,0.015708,1.000000;;
       }

       ObjectMatrixComment object {
        1.000000,0.000000,0.000000,0.000000,-0.000000,1.000000,0.000000,0.000000,0.000000,0.000000,1.000000,0.000000,-0.000000,0.000000,-0.000000,1.000000;;
       }
      }

      Frame RightForeArm {
       

       FrameTransformMatrix relative {
        0.272025,-0.038050,-0.961538,0.000000,-0.912657,0.306562,-0.270327,0.000000,0.305057,0.951090,0.048666,0.000000,-1.308281,0.000752,0.041467,1.000000;;
       }

       ObjectMatrixComment object {
        1.000000,0.000000,-0.000000,0.000000,0.000000,1.000000,-0.000000,0.000000,-0.000000,0.000000,1.000000,0.000000,0.000000,0.000000,-0.000000,1.000000;;
       }

       Frame RightForeArmRoll {
        

        FrameTransformMatrix relative {
         1.000000,-0.000001,-0.000010,0.000000,0.000001,0.999751,-0.022307,0.000000,0.000010,0.022307,0.999751,0.000000,-0.651935,0.055700,0.005255,1.000000;;
        }

        ObjectMatrixComment object {
         1.000000,0.000000,0.000000,0.000000,0.000000,1.000000,-0.000000,0.000000,0.000000,-0.000000,1.000000,0.000000,0.000000,0.000000,-0.000000,1.000000;;
        }
       }

       Frame RightHand {
        

        FrameTransformMatrix relative {
         0.964699,0.225163,-0.136594,0.000000,-0.254463,0.930589,-0.263159,0.000000,0.067859,0.288627,0.955034,0.000000,-1.330085,0.013979,-0.023843,1.000000;;
        }

        ObjectMatrixComment object {
         1.000000,0.000000,0.000000,0.000000,0.000000,1.000000,0.000000,0.000000,0.000000,-0.000000,1.000000,0.000000,0.000000,-0.000000,0.000000,1.000000;;
        }

        Frame RightHandIndex1 {
         

         FrameTransformMatrix relative {
          0.996321,0.040655,-0.075439,0.000000,-0.040539,0.999173,0.003069,0.000000,0.075501,-0.000000,0.997146,0.000000,-0.408550,-0.131847,-0.057057,1.000000;;
         }

         ObjectMatrixComment object {
          1.000000,0.000000,-0.000000,0.000000,0.000000,1.000000,0.000000,0.000000,-0.000000,0.000000,1.000000,0.000000,0.000000,0.000000,0.000000,1.000000;;
         }

         Frame RightHandIndex2 {
          

          FrameTransformMatrix relative {
           0.661094,0.019349,-0.750054,0.000000,0.055082,0.995719,0.074236,0.000000,0.748279,-0.090391,0.657197,0.000000,-0.165985,-0.000003,-0.000011,1.000000;;
          }

          ObjectMatrixComment object {
           1.000000,0.000000,-0.000000,0.000000,0.000000,1.000000,0.000000,0.000000,0.000000,0.000000,1.000000,0.000000,0.000000,0.000000,0.000000,1.000000;;
          }

          Frame RightHandIndex3 {
           

           FrameTransformMatrix relative {
            0.436540,-0.013273,-0.899587,0.000000,-0.058962,0.997320,-0.043327,0.000000,0.897751,0.071955,0.434588,0.000000,-0.119819,0.000003,0.000016,1.000000;;
           }

           ObjectMatrixComment object {
            1.000000,-0.000000,-0.000000,0.000000,0.000000,1.000000,0.000000,0.000000,0.000000,0.000000,1.000000,0.000000,-0.000000,0.000000,0.000000,1.000000;;
           }

           Frame RightHandIndex4 {
            

            FrameTransformMatrix relative {
             1.000000,0.000003,-0.000002,0.000000,-0.000003,1.000000,0.000000,0.000000,0.000002,0.000000,1.000000,0.000000,-0.111186,0.000004,0.000001,1.000000;;
            }

            ObjectMatrixComment object {
             1.000000,0.000000,-0.000000,0.000000,0.000000,1.000000,0.000000,0.000000,-0.000000,0.000000,1.000000,0.000000,0.000000,0.000000,-0.000000,1.000000;;
            }
           }
          }
         }
        }

        Frame RightHandMiddle1 {
         

         FrameTransformMatrix relative {
          0.996807,-0.000000,-0.079851,0.000000,0.000000,1.000000,0.000000,0.000000,0.079851,-0.000000,0.996807,0.000000,-0.417495,-0.016761,-0.059312,1.000000;;
         }

         ObjectMatrixComment object {
          1.000000,-0.000000,0.000000,0.000000,-0.000000,1.000000,0.000000,0.000000,-0.000000,-0.000000,1.000000,0.000000,-0.000000,0.000000,-0.000000,1.000000;;
         }

         Frame RightHandMiddle2 {
          

          FrameTransformMatrix relative {
           0.466648,-0.012141,-0.884360,0.000000,0.012799,0.999894,-0.006973,0.000000,0.884350,-0.008065,0.466754,0.000000,-0.176799,-0.000004,-0.000021,1.000000;;
          }

          ObjectMatrixComment object {
           1.000000,0.000000,0.000000,0.000000,-0.000000,1.000000,0.000000,0.000000,0.000000,-0.000000,1.000000,0.000000,0.000000,0.000000,0.000000,1.000000;;
          }

          Frame RightHandMiddle3 {
           

           FrameTransformMatrix relative {
            0.549628,0.045153,-0.834189,0.000000,-0.053367,0.998396,0.018878,0.000000,0.833703,0.034142,0.551156,0.000000,-0.117803,0.000006,0.000023,1.000000;;
           }

           ObjectMatrixComment object {
            1.000000,0.000000,-0.000000,0.000000,0.000000,1.000000,0.000000,0.000000,0.000000,0.000000,1.000000,0.000000,-0.000000,0.000000,0.000000,1.000000;;
           }

           Frame RightHandMiddle4 {
            

            FrameTransformMatrix relative {
             1.000000,-0.000004,0.000002,0.000000,0.000004,1.000000,0.000001,0.000000,-0.000002,-0.000001,1.000000,0.000000,-0.117378,-0.000003,-0.000016,1.000000;;
            }

            ObjectMatrixComment object {
             1.000000,-0.000000,0.000000,0.000000,0.000000,1.000000,0.000000,0.000000,-0.000000,0.000000,1.000000,0.000000,-0.000000,-0.000000,0.000000,1.000000;;
            }
           }
          }
         }
        }

        Frame RightHandPinky1 {
         

         FrameTransformMatrix relative {
          0.978412,-0.115110,-0.171640,0.000000,0.113379,0.993353,-0.019890,0.000000,0.172788,-0.000000,0.984959,0.000000,-0.397645,0.171833,-0.036058,1.000000;;
         }

         ObjectMatrixComment object {
          1.000000,-0.000000,-0.000000,0.000000,0.000000,1.000000,-0.000000,0.000000,0.000000,0.000000,1.000000,0.000000,0.000000,0.000000,0.000000,1.000000;;
         }

         Frame RightHandPinky2 {
          

          FrameTransformMatrix relative {
           0.675003,-0.065955,-0.734861,0.000000,-0.045746,0.990339,-0.130904,0.000000,0.736395,0.121977,0.665465,0.000000,-0.147735,-0.000004,-0.000016,1.000000;;
          }

          ObjectMatrixComment object {
           1.000000,-0.000000,0.000000,0.000000,0.000000,1.000000,0.000000,0.000000,0.000000,0.000000,1.000000,0.000000,0.000000,0.000000,0.000000,1.000000;;
          }

          Frame RightHandPinky3 {
           

           FrameTransformMatrix relative {
            0.725675,0.121457,-0.677232,0.000000,0.011109,0.982099,0.188037,0.000000,0.687947,-0.143978,0.711336,0.000000,-0.102298,0.000005,0.000027,1.000000;;
           }

           ObjectMatrixComment object {
            1.000000,0.000000,-0.000000,0.000000,-0.000000,1.000000,0.000000,0.000000,-0.000000,0.000000,1.000000,0.000000,0.000000,-0.000000,0.000000,1.000000;;
           }

           Frame RightHandPinky4 {
            

            FrameTransformMatrix relative {
             1.000000,0.000000,-0.000003,0.000000,-0.000000,1.000000,0.000000,0.000000,0.000003,-0.000000,1.000000,0.000000,-0.097107,-0.000004,-0.000025,1.000000;;
            }

            ObjectMatrixComment object {
             1.000000,0.000000,0.000000,0.000000,-0.000000,1.000000,0.000000,0.000000,0.000000,-0.000000,1.000000,0.000000,0.000000,-0.000000,0.000000,1.000000;;
            }
           }
          }
         }
        }

        Frame RightHandProp {
         

         FrameTransformMatrix relative {
          -0.245670,-0.105922,0.963549,0.000000,-0.966790,0.099013,-0.235612,0.000000,-0.070447,-0.989433,-0.126729,0.000000,-0.420062,-0.079143,0.043385,1.000000;;
         }

         ObjectMatrixComment object {
          1.000000,0.000000,-0.000000,0.000000,0.000000,1.000000,0.000000,0.000000,0.000000,0.000000,1.000000,0.000000,0.000000,-0.000000,0.000000,1.000000;;
         }

         Frame HisuKnife {
          

          FrameTransformMatrix relative {
           -0.021596,0.015944,0.200150,0.000000,-0.173666,0.040594,-0.021972,0.000000,-0.044734,-0.185974,0.009988,0.000000,-0.135785,0.118614,1.237968,1.000000;;
          }

          ObjectMatrixComment object {
           1.000000,0.000000,0.000000,0.000000,0.000000,1.000000,-0.000000,0.000000,-0.000000,0.000000,1.000000,0.000000,0.000000,-0.000000,0.000000,1.000000;;
          }

          Mesh mesh_H {
           835;
           0.249586;0.219684;0.397291;,
           0.249586;0.219684;0.144718;,
           0.812949;0.219684;0.171046;,
           0.812949;0.219684;0.399461;,
           0.812949;0.125409;-0.453597;,
           0.249587;0.125409;-0.504082;,
           0.249586;0.110251;-0.515826;,
           0.812949;0.110251;-0.465341;,
           0.812949;0.219684;0.399461;,
           1.376312;0.219684;0.399461;,
           1.376312;0.110250;0.438537;,
           0.812949;0.110250;0.438537;,
           3.629764;0.117414;0.487323;,
           3.629763;0.117349;0.313326;,
           4.045905;0.110250;0.510194;,
           3.066401;0.140644;0.456311;,
           3.066401;0.121713;0.061949;,
           2.503038;0.168038;0.425757;,
           2.503038;0.125409;-0.101895;,
           2.076302;0.219684;0.405639;,
           2.072081;0.125409;-0.221535;,
           1.939675;0.125409;-0.258292;,
           1.939675;0.219684;0.363954;,
           1.376312;0.219684;0.251629;,
           1.376312;0.125409;-0.383077;,
           0.812949;0.125409;-0.453597;,
           -3.888750;0.219684;-0.540636;,
           -3.660000;0.219684;-0.561528;,
           -3.660000;0.219684;0.561488;,
           -3.888750;0.219684;0.548586;,
           -2.435876;0.125409;-0.540387;,
           -1.938189;0.125410;-0.540388;,
           -1.938189;0.219684;0.145752;,
           -2.435876;0.219684;0.152669;,
           -1.440502;0.125409;-0.540388;,
           -0.877139;0.125409;-0.540389;,
           -0.877139;0.219684;0.135900;,
           -1.440502;0.219684;0.140552;,
           -0.313776;0.125409;-0.528367;,
           -0.313776;0.219684;0.137248;,
           0.249587;0.125409;-0.504082;,
           3.629763;0.117349;0.313326;,
           3.629763;0.110250;0.302091;,
           4.045905;0.110250;0.510194;,
           3.066401;0.121713;0.061949;,
           3.066401;0.110250;0.050415;,
           2.503038;0.125409;-0.101895;,
           2.503038;0.110250;-0.113569;,
           2.072081;0.125409;-0.221535;,
           2.067302;0.110251;-0.234590;,
           1.939675;0.125409;-0.258292;,
           1.376312;0.125409;-0.383077;,
           1.376312;0.110251;-0.394823;,
           1.939675;0.110251;-0.270036;,
           -3.888750;0.219684;0.548586;,
           -3.660000;0.219684;0.561488;,
           -3.660001;0.110252;0.562500;,
           -3.888750;0.110252;0.549599;,
           -2.435876;0.219683;0.449509;,
           -1.938189;0.219684;0.435674;,
           -1.938189;0.110251;0.474751;,
           -2.435876;0.110251;0.488586;,
           -1.440502;0.219683;0.425273;,
           -0.877139;0.219683;0.415968;,
           -0.877139;0.110251;0.455046;,
           -1.440502;0.110251;0.464351;,
           -0.313777;0.219684;0.406641;,
           -0.313777;0.110251;0.445720;,
           0.249586;0.219684;0.397291;,
           0.249586;0.110251;0.436371;,
           -2.933520;0.125409;-0.540470;,
           -2.932624;0.219684;0.157121;,
           -1.440502;0.219683;0.425273;,
           -1.938189;0.219684;0.435674;,
           -1.440502;0.125409;-0.540388;,
           -1.938189;0.125410;-0.540388;,
           -1.938189;0.110252;-0.552134;,
           -1.440502;0.110251;-0.552134;,
           -3.120196;0.219684;0.486292;,
           -3.057985;0.219684;0.479002;,
           -3.057985;0.110251;0.518077;,
           -3.120196;0.110251;0.525368;,
           -2.933545;0.219684;0.464628;,
           -2.933548;0.110251;0.503690;,
           -3.660000;0.219684;-0.561528;,
           -3.888750;0.219684;-0.540636;,
           -3.888750;0.110252;-0.541647;,
           -3.660000;0.110252;-0.562541;,
           -2.435876;0.125409;-0.540387;,
           -2.435876;0.110252;-0.552134;,
           -0.877139;0.110251;-0.552133;,
           -0.877139;0.125409;-0.540389;,
           -0.313776;0.110251;-0.540113;,
           -0.313776;0.125409;-0.528367;,
           3.629764;0.117414;0.487323;,
           3.629763;0.110250;0.493396;,
           3.066400;0.110250;0.471813;,
           3.066401;0.140644;0.456311;,
           2.503038;0.110250;0.449950;,
           2.503038;0.168038;0.425757;,
           2.075124;0.110250;0.441332;,
           2.076302;0.219684;0.405639;,
           1.939675;0.219684;0.399461;,
           1.939675;0.110250;0.438537;,
           -3.223630;0.219684;-0.566561;,
           -3.306828;0.219684;-0.580647;,
           -3.306829;0.110252;-0.581660;,
           -3.244617;0.110252;-0.572085;,
           -2.933520;0.125409;-0.540470;,
           -2.933746;0.110252;-0.552125;,
           4.045905;0.110250;0.510194;,
           -3.431250;0.219683;-0.598545;,
           -3.306828;0.219684;-0.580647;,
           -3.306828;0.219684;0.523320;,
           -3.431377;0.219684;0.562064;,
           -3.057985;0.219684;0.479002;,
           -3.057985;0.219684;-0.053205;,
           -2.995774;0.219683;0.075651;,
           -2.995774;0.219684;0.471713;,
           -3.306828;0.219684;0.523320;,
           -3.307332;0.110252;0.547657;,
           -3.431377;0.219684;0.562064;,
           -3.213501;0.219683;0.501019;,
           -3.182406;0.219684;0.493584;,
           -3.182406;0.110252;0.532660;,
           -3.213512;0.110252;0.536365;,
           -2.995774;0.110252;0.510781;,
           -2.995774;0.219684;0.471713;,
           -2.995774;0.136979;-0.542704;,
           -3.057985;0.148774;-0.545205;,
           -3.057985;0.110252;-0.546207;,
           -2.995774;0.110252;-0.549512;,
           -3.120195;0.168393;-0.553356;,
           -3.182406;0.196458;-0.561507;,
           -3.182407;0.110252;-0.562511;,
           -3.120196;0.110252;-0.554359;,
           -3.431250;0.110252;-0.599556;,
           -3.431250;0.219683;-0.598545;,
           -3.182406;0.219684;0.493584;,
           -3.182406;0.219684;-0.402176;,
           -3.120195;0.219684;-0.199944;,
           -3.120196;0.219684;0.486292;,
           -2.995774;0.136979;-0.542704;,
           -2.435876;0.219683;0.449509;,
           -0.877139;0.219683;0.415968;,
           -0.313777;0.219684;0.406641;,
           -2.933545;0.219684;0.464628;,
           1.376312;0.219684;0.399461;,
           1.939675;0.219684;0.399461;,
           -4.114320;0.219684;0.545241;,
           -4.114320;0.219684;-0.554304;,
           -4.114320;0.110252;0.546254;,
           -4.114320;0.219684;0.545241;,
           -4.114320;0.219684;-0.554304;,
           -4.114321;0.110252;-0.555316;,
           -3.057985;0.148774;-0.545205;,
           -3.120195;0.168393;-0.553356;,
           -3.182406;0.196458;-0.561507;,
           -3.213512;0.110252;-0.567297;,
           -3.204520;0.207553;-0.564911;,
           -3.223630;0.219684;-0.566561;,
           -3.244599;0.219684;0.508453;,
           -3.244599;0.219684;0.508453;,
           -3.244618;0.110251;0.540071;,
           -3.203382;0.219684;-0.485554;,
           -3.204520;0.207553;-0.564911;,
           -3.213501;0.219683;0.501019;,
           -3.431250;0.110252;0.562500;,
           0.249586;0.000818;0.397291;,
           0.812949;0.000818;0.399461;,
           0.812949;0.000818;0.171045;,
           0.249586;0.000818;0.144718;,
           0.812949;0.095092;-0.453596;,
           0.812949;0.110251;-0.465341;,
           0.249586;0.110251;-0.515826;,
           0.249586;0.095093;-0.504082;,
           0.812949;0.000818;0.399461;,
           1.376312;0.000817;0.399461;,
           3.629763;0.103085;0.487323;,
           4.045905;0.110250;0.510194;,
           3.629763;0.103151;0.313326;,
           3.066401;0.098787;0.061949;,
           3.066401;0.079856;0.456311;,
           2.503037;0.095091;-0.101895;,
           2.503038;0.052462;0.425756;,
           2.076301;0.000817;0.405639;,
           2.072080;0.095091;-0.221535;,
           1.939675;0.095092;-0.258293;,
           1.376312;0.095092;-0.383078;,
           1.376312;0.000817;0.251628;,
           1.939675;0.000817;0.363954;,
           0.812949;0.095092;-0.453596;,
           -3.888749;0.000821;-0.540635;,
           -3.888749;0.000820;0.548586;,
           -3.660000;0.000820;0.561488;,
           -3.660000;0.000821;-0.561527;,
           -2.435876;0.095094;-0.540388;,
           -2.435876;0.000819;0.152668;,
           -1.938189;0.000819;0.145751;,
           -1.938189;0.095094;-0.540388;,
           -1.440502;0.095094;-0.540388;,
           -1.440502;0.000819;0.140552;,
           -0.877139;0.000819;0.135900;,
           -0.877139;0.095093;-0.540389;,
           -0.313776;0.095093;-0.528368;,
           -0.313777;0.000818;0.137248;,
           0.249586;0.095093;-0.504082;,
           3.629763;0.103151;0.313326;,
           4.045905;0.110250;0.510194;,
           3.629763;0.110250;0.302091;,
           3.066401;0.110250;0.050415;,
           3.066401;0.098787;0.061949;,
           2.503038;0.110250;-0.113569;,
           2.503037;0.095091;-0.101895;,
           2.067302;0.110251;-0.234590;,
           2.072080;0.095091;-0.221535;,
           1.939675;0.095092;-0.258293;,
           1.939675;0.110251;-0.270036;,
           1.376312;0.110251;-0.394823;,
           1.376312;0.095092;-0.383078;,
           -3.888749;0.000820;0.548586;,
           -3.660000;0.000820;0.561488;,
           -2.435876;0.000819;0.449509;,
           -1.938189;0.000819;0.435674;,
           -1.440502;0.000819;0.425273;,
           -0.877139;0.000818;0.415968;,
           -0.313777;0.000818;0.406641;,
           0.249586;0.000818;0.397291;,
           -2.933519;0.095094;-0.540470;,
           -2.932624;0.000820;0.157122;,
           -1.440502;0.000819;0.425273;,
           -1.938189;0.000819;0.435674;,
           -1.440502;0.095094;-0.540388;,
           -1.440502;0.110251;-0.552134;,
           -1.938189;0.110252;-0.552134;,
           -1.938189;0.095094;-0.540388;,
           -3.120195;0.000820;0.486292;,
           -3.057985;0.000820;0.479002;,
           -2.933544;0.000819;0.464628;,
           -3.660000;0.000821;-0.561527;,
           -3.660000;0.110252;-0.562541;,
           -3.888750;0.110252;-0.541647;,
           -3.888749;0.000821;-0.540635;,
           -2.435876;0.095094;-0.540388;,
           -2.435876;0.110252;-0.552134;,
           -0.877139;0.095093;-0.540389;,
           -0.877139;0.110251;-0.552133;,
           -0.313776;0.095093;-0.528368;,
           -0.313776;0.110251;-0.540113;,
           3.629763;0.103085;0.487323;,
           3.066401;0.079856;0.456311;,
           2.503038;0.052462;0.425756;,
           2.076301;0.000817;0.405639;,
           1.939675;0.000817;0.399461;,
           -3.223631;0.000821;-0.566562;,
           -3.244617;0.110252;-0.572085;,
           -3.306829;0.110252;-0.581660;,
           -3.306828;0.000820;-0.580648;,
           -2.933519;0.095094;-0.540470;,
           -2.933746;0.110252;-0.552125;,
           -3.431249;0.000820;-0.598544;,
           -3.431377;0.000819;0.562064;,
           -3.306828;0.000819;0.523320;,
           -3.306828;0.000820;-0.580648;,
           -3.057985;0.000820;0.479002;,
           -2.995773;0.000819;0.471713;,
           -2.995774;0.000820;0.075651;,
           -3.057984;0.000820;-0.053205;,
           -3.306828;0.000819;0.523320;,
           -3.431377;0.000819;0.562064;,
           -3.213501;0.000820;0.501019;,
           -3.182406;0.000819;0.493583;,
           -2.995773;0.000819;0.471713;,
           -2.995774;0.083525;-0.542704;,
           -2.995774;0.110252;-0.549512;,
           -3.057985;0.110252;-0.546207;,
           -3.057984;0.071730;-0.545205;,
           -3.120195;0.052110;-0.553356;,
           -3.120196;0.110252;-0.554359;,
           -3.182407;0.110252;-0.562511;,
           -3.182406;0.024045;-0.561507;,
           -3.431250;0.110252;-0.599556;,
           -3.431249;0.000820;-0.598544;,
           -3.182406;0.000819;0.493583;,
           -3.120195;0.000820;0.486292;,
           -3.120195;0.000820;-0.199944;,
           -3.182406;0.000820;-0.402176;,
           -2.995774;0.083525;-0.542704;,
           -2.435876;0.000819;0.449509;,
           -0.877139;0.000818;0.415968;,
           -0.313777;0.000818;0.406641;,
           -2.933544;0.000819;0.464628;,
           1.376312;0.000817;0.399461;,
           1.939675;0.000817;0.399461;,
           -4.114320;0.000821;-0.554304;,
           -4.114320;0.000820;0.545241;,
           -4.114320;0.000820;0.545241;,
           -4.114321;0.110252;-0.555316;,
           -4.114320;0.000821;-0.554304;,
           -3.057984;0.071730;-0.545205;,
           -3.120195;0.052110;-0.553356;,
           -3.182406;0.024045;-0.561507;,
           -3.204520;0.012951;-0.564912;,
           -3.213512;0.110252;-0.567297;,
           -3.244598;0.000819;0.508453;,
           -3.223631;0.000821;-0.566562;,
